Input 32 32 3 7.140072176358732e-05
Convolution 32 32 16 3 3 3 1 1 tanh 3.4073719984298984e-05 0 0 7.140072176358732e-05 0 3.4073719984298984e-05 0
Pooling 16 16 16 2 2 2 maximum 0
Convolution 16 16 48 3 3 16 1 1 tanh 3.05086411573257686e-05 0 0 3.4073719984298984e-05 0 3.05086411573257686e-05 0
Pooling 8 8 48 2 2 2 maximum 0
Convolution 8 8 96 3 3 48 1 1 tanh 3.04211087159490263e-05 0 0 3.05086411573257686e-05 0 3.04211087159490263e-05 0
Convolution 8 8 64 3 3 96 1 1 tanh 3.05143129393750762e-05 0 0 3.04211087159490263e-05 0 3.05143129393750762e-05 0
Convolution 8 8 64 3 3 64 1 1 tanh 3.05183293905504679e-05 0 0 3.05143129393750762e-05 0 3.05183293905504679e-05 0
Pooling 4 4 64 2 2 2 maximum 0
Dense 512 tanh 3.04085463917564289e-05 0 0 3.05183293905504679e-05 0 3.04085463917564289e-05 0
Dense 256 tanh 2.99994923042727892e-05 0 0 3.04085463917564289e-05 0 2.99994923042727892e-05 0
Dense 10 none 0.000345491375598493621 0 0 2.99994923042727892e-05 0 0.000345491375598493621 0
