28424 27609 27338 26523 25980 25166 24351 24080 24080 24080 23808 23537 23808 23808 23537 23537 24623 24894 24894 24623 23265 23537 24623 24894 25980 25437 24623 24080 23808 22451 21365 21365
29510 28424 28152 27609 26795 25437 24623 24623 24351 24351 23808 23537 23537 23537 23265 22994 24080 24894 24894 24894 22994 22994 23808 23537 23537 22994 22451 22451 22451 21908 21093 21093
28152 28152 28424 27881 26795 25437 24623 24351 24894 24623 24623 24623 24623 24623 24894 24080 24623 25437 25437 25166 23537 22722 22451 21908 21636 21093 20550 21093 21636 21908 21365 21365
26795 26252 26523 26523 26252 24894 24080 23808 24351 24351 24351 24623 24894 24894 24894 24351 24080 24894 25166 24623 23808 22451 21093 20007 19464 19464 19464 19736 20550 21365 21093 20822
26252 25437 24894 24894 25166 24351 23808 23265 23265 23265 22994 23265 24623 25437 24894 24080 24351 24351 23537 22722 22451 21365 20007 18921 18378 18650 18921 19464 20279 20822 20279 20279
25980 25437 25980 25166 24080 23537 24080 24080 23265 23808 23537 21636 21093 20007 21636 22994 17835 20007 22722 22722 22451 21365 20550 20007 19736 20007 19464 19464 20279 20822 20279 20822
25709 25437 26252 25980 25166 24080 23808 24351 24623 19464 10233 460 8604 11319 4804 7247 -626 8061 12677 15663 19193 21636 21908 21908 21365 21365 20822 20822 21093 21365 21365 22722
24894 24894 25980 26523 26523 25980 25166 24623 25980 8604 -13115 -16645 3989 11591 -9314 -6599 -1169 8061 8333 7247 7790 12134 16206 18107 20279 20822 20279 20007 20550 22179 22451 24351
26795 25437 25709 25980 26252 26252 26252 25437 26523 6161 -16916 -17188 -5513 2632 -4427 -1169 1274 9690 9962 9419 8061 6704 7519 9147 12405 15120 15935 17292 18107 20550 21908 23808
27066 25709 25709 25437 25709 25709 26252 26252 26523 11048 -14201 -13930 -9586 -5785 -3341 5890 2360 9419 9962 9419 9147 9419 8876 7519 7519 7247 6976 15120 18107 19736 21093 23537
24623 24351 24894 25166 25437 25166 25166 24894 24623 24894 14306 7247 16206 20007 13220 14849 3446 8604 9419 9419 9419 9419 9419 9147 9147 8061 7519 15120 18650 19193 20550 23265
24623 23808 24080 24623 24894 24080 23808 22994 18378 21365 18107 12134 15120 18921 19193 16749 2360 8061 8876 9690 9690 9147 9147 9147 9147 8061 8604 16206 19193 19464 20279 21365
23808 23537 23808 23808 23265 23265 23265 18921 9690 13220 9690 8333 5890 6704 12948 11048 1274 9419 9419 9690 9690 9147 9147 9147 8876 8333 8876 16478 19464 20279 21093 21365
19464 13763 14849 18921 21365 21908 20279 12948 12405 14577 7519 3175 -5785 -5242 460 1546 188 10776 9690 8876 8876 8876 8876 8876 8876 8604 8876 15120 15392 17021 16749 16206
-83 -6328 -5513 -4970 3446 7247 7247 9147 15392 17835 8333 188 -11215 -8500 -3884 -2527 -1984 10505 9690 8333 8333 8604 8604 8604 8604 8333 8061 10505 7519 13220 11319 6704
-8228 -11215 -12572 -10672 -6056 2903 5347 6704 14577 18107 8876 188 -11215 -9586 -4699 -1169 -3070 8876 8876 8061 8333 8333 8333 8333 8333 8876 6976 -83 -1712 2632 2903 1274
-4427 -6871 -10129 4532 10233 17292 15392 11048 14306 15120 10233 4261 -3884 -2255 1546 -83 -1712 8333 7790 6976 7790 8061 8061 8061 8061 8604 5075 -3613 -5242 -3070 -4427 -2255
5890 3718 -626 12405 22722 25980 22994 18921 16206 12405 9690 7247 7519 8333 6161 -2527 -1712 8876 7790 6704 7247 7247 7519 7790 8061 8061 6161 6976 9147 5890 -898 -6599
-3341 -4699 1274 12405 18107 20279 14849 11862 8333 8876 9962 5618 6161 5890 -626 -8500 -5242 6976 6704 5890 5890 4804 3718 3175 1817 3175 -898 -5513 3718 8061 2360 -11758
-30219 -28862 -10943 -1984 -3070 6433 10505 11319 8333 8061 8333 3989 5890 5618 2903 -12572 -13115 -3070 -3613 -7957 -10129 -13387 -17188 -18816 -21803 -11215 -10129 -12844 -898 6976 -3070 -19902
-28319 -27233 -16102 -3884 -6056 2632 9419 3989 10505 -1169 -19088 -16645 1546 3989 1274 -19088 -25332 -18002 -19088 -28590 -29948 -31034 -30491 -27776 -30219 -22074 -16916 -15016 -9586 -8228 -18002 -19359
-19902 -18273 -8500 9962 10233 8876 9690 5075 5618 -18273 -29133 -26690 -13930 -10400 -14473 -20445 -21260 -26961 -28862 -31848 -31577 -31034 -29948 -21803 -23703 -23703 -22889 -23432 -22889 -19631 -18816 -15016
-4427 -4970 -2798 9419 16478 11319 -83 -1169 -5785 -23975 -10672 -18545 -21803 -23703 -26418 -21531 -18545 -27504 -31848 -29405 -26418 -28590 -30219 -19631 -22074 -15830 -12301 -12301 -11486 -10129 -7142 -4156
-1984 -3341 -4427 -2255 3175 188 -3613 -3070 -7685 -19088 -2255 -14201 -20717 -18545 -19902 -18816 -18816 -22617 -25875 -25332 -23703 -26147 -28319 -23975 -21260 -14201 -7685 -4427 -3070 -2255 -2527 -1712
-1712 -1169 -3341 -2798 -2527 -19631 -16916 -10400 -19088 -19902 -5242 -13658 -20445 -18002 -19359 -18545 -18545 -18816 -16916 -16373 -15830 -15830 -16102 -14201 -12301 -10672 -11215 -10672 -8228 -6328 -4156 -2527
-355 -898 -3070 -6056 -14473 -25875 -23703 -18002 -22074 -25604 -11215 -17188 -23160 -20174 -19088 -14744 -12029 -10943 -9314 -8500 -7957 -6871 -6328 -6056 -7142 -7685 -11215 -12029 -9314 -7414 -5785 -5513
-898 -1984 -2527 -3884 -6599 -9043 -12572 -15287 -16373 -22346 -23703 -20445 -16102 -13930 -11215 -7685 -5513 -4156 -3884 -3070 -3613 -4699 -4427 -3341 -4156 -4427 -6056 -6056 -4970 -4427 -5513 -6599
1546 1546 188 -1441 -898 -898 -1441 -2527 -3613 -5785 -6871 -4699 -3341 -3070 -2527 -2527 -1169 -898 -626 -355 -1441 -2255 -1712 -898 188 1003 1817 1817 731 -626 -3341 -3884
1817 2632 2903 2089 1546 731 -83 -83 1274 1817 2632 1817 1817 2089 1817 1817 2360 2089 1274 1274 1003 1546 1546 1274 2632 3718 3989 3446 2903 1546 188 -898
188 1003 3446 4804 5075 3989 2903 2089 2089 2360 2360 731 -355 -355 460 1003 2903 2089 -1984 -2527 -1712 188 -355 1546 3446 2632 1817 2632 2089 460 -355 -1712
-898 -83 731 1546 2903 3718 5075 5075 3989 3175 2903 1546 188 -1169 -898 188 2089 1546 -1712 -3884 -3884 -3070 -1441 1003 460 -1169 -83 2360 1546 -898 -3070 -4156
-1712 -898 -83 1003 1817 2632 3175 3175 3718 4532 5075 5075 4261 2903 1817 1817 1817 2632 1546 1546 2089 1003 2089 1003 -626 -898 -1712 -2255 -1712 -1984 -2255 -3341
28381 27555 27280 26453 26178 25627 25076 24801 24801 24801 24525 23974 24250 24525 24250 24250 25352 25627 26178 26178 25076 25352 25627 25627 26453 26729 25902 25627 25352 24801 24801 24801
29483 28381 28381 27555 26729 25902 25352 25352 25076 25076 24525 23974 24250 24250 23974 23699 24801 25627 25902 26729 25076 25076 25352 25076 25076 24801 24525 24250 24525 24525 24525 24525
28106 28106 28381 27831 26729 25627 25352 25076 25627 25352 25352 25352 25352 25352 25627 24801 25352 26178 26453 26729 25627 25076 24801 24525 24250 23699 23423 23699 24525 24801 24801 25076
26729 26178 26453 26453 26178 25352 24801 24525 25076 25076 25076 25076 25352 25627 25627 25076 24801 25627 26178 26453 25627 24525 23699 23148 23148 22873 22873 23148 23974 24525 24250 24525
26178 25352 24801 24801 25076 24525 24525 23974 23974 23699 23423 23699 25352 26178 25352 24525 24801 25076 24525 24250 24250 23699 23148 22597 22322 22322 22597 23148 23699 23699 23148 23423
26178 25627 26178 25352 24525 23974 24525 24525 23974 23423 23148 22046 21771 20669 22046 23148 18190 20394 23423 23699 23974 24250 23974 23974 23699 23148 23148 23423 23148 22873 22597 23148
25627 25352 26178 26453 25627 24525 24250 25076 25352 18741 9100 11 9376 12406 5520 7999 -265 8549 13232 16262 20944 24801 25352 25902 25352 24801 25076 25627 25076 23974 23974 25352
24801 24525 25627 26453 26453 25902 25076 24801 26453 7723 -15139 -18169 3867 11855 -9079 -6324 -816 8549 8825 8274 9376 14334 19016 21495 23974 24801 25076 25627 25627 25627 25627 27280
26453 25076 25352 25627 26178 26178 26178 25627 26729 4693 -19821 -19546 -7151 1388 -5223 -1642 1388 10202 10753 10478 9376 8274 9651 11855 15436 18190 20669 23148 23148 24525 25352 26729
26178 24801 24525 24801 25352 25352 25627 25902 26729 8825 -17893 -17893 -13211 -9079 -5774 4418 1939 9651 10753 10478 10202 9927 10202 9651 9651 9100 10478 20118 22873 23974 24801 26729
23148 23148 24250 24525 25076 25076 25352 25352 24525 22873 10753 3592 12681 17088 10753 13507 3316 9651 10753 10478 9927 9927 10202 10202 10478 9651 10478 19567 22873 23423 24250 25902
23148 22873 23974 24525 24801 25076 25902 24250 16813 18741 14609 8825 13507 17088 17364 15986 2765 9927 11028 10753 10202 9651 9651 9651 9927 9927 11304 19843 23423 23699 23699 23974
23423 23423 23974 23974 23699 24250 25076 19292 6346 9651 6346 6070 5520 6070 11855 11579 562 8825 10202 10478 9927 9651 9651 9651 9651 9651 11028 19843 23699 24250 24250 24525
19843 14058 14609 18741 20944 21495 20669 13232 10478 12957 6897 4418 -4672 -4947 286 2490 -1366 8274 9651 9927 9651 9376 9376 9376 9376 9376 10478 17915 19292 20118 19292 19843
11 -6600 -6875 -6875 1113 4969 6621 9927 16262 19016 10478 3867 -9079 -7702 -3845 -1642 -3570 7999 9651 9100 9100 9100 9100 9100 9100 8825 9100 12681 10753 15711 13232 9376
-8528 -12384 -15139 -14312 -10456 -1091 3867 7172 15436 18741 9376 2214 -9354 -9079 -5223 -816 -4396 7448 9651 9100 8825 8825 8825 8825 8825 8825 7448 1388 562 4418 4142 2765
-5223 -8253 -14037 286 6621 14058 14334 11855 14334 14885 9651 4693 -3019 -1642 1663 -540 -3845 7172 9376 9100 8549 8549 8549 8825 8549 8549 5244 -1917 -2468 -540 -3019 -1642
5795 3316 -4947 8549 20944 23974 22597 20118 16813 12957 10202 7172 7999 9376 7448 -2744 -4672 6897 9376 8825 8549 7999 8274 8549 8549 7723 6346 8549 12406 9651 1113 -6600
-3019 -4947 -1917 9651 16537 18465 14334 12957 8825 9376 10478 5795 7172 7723 1113 -7977 -7702 4418 7448 7172 6621 5520 4418 3867 2490 2765 -540 -4121 6621 10753 3867 -11558
-30288 -29737 -13761 -4121 -3845 4969 9927 12130 8825 8549 8549 4418 6897 7448 4969 -12109 -15690 -5774 -4121 -7702 -9905 -12935 -16791 -18444 -21749 -11833 -10181 -11833 837 8274 -2468 -19546
-30013 -29462 -19270 -6049 -7426 837 8825 4693 11028 -816 -19270 -16791 1939 4969 2490 -19546 -27534 -20097 -20097 -28360 -29462 -30839 -30288 -27534 -30013 -22576 -16791 -14312 -8528 -8253 -18169 -18719
-23677 -21749 -11558 7172 6897 6070 8825 6070 5795 -18169 -29462 -27258 -14588 -10456 -14863 -22025 -22851 -27809 -29462 -31665 -31114 -31114 -29737 -21474 -23677 -24228 -23126 -23677 -22851 -20923 -19270 -14312
-8528 -8803 -6324 5795 12681 8549 -1366 -1917 -7151 -24779 -11007 -19270 -22576 -24504 -27534 -23402 -19821 -28084 -32767 -30013 -26432 -28911 -30839 -20097 -22576 -17067 -13486 -13211 -12384 -11282 -7977 -4121
-6600 -7977 -9079 -6324 -265 -3019 -5774 -4672 -10181 -20097 -2193 -14863 -21474 -19821 -21474 -20923 -20372 -23402 -26983 -26707 -24779 -26983 -29462 -25055 -22300 -15690 -9354 -6049 -4672 -3570 -3295 -2193
-6600 -6049 -8528 -7151 -6324 -23126 -19546 -12660 -21474 -20923 -4947 -14037 -22300 -20097 -21749 -21198 -20372 -20097 -18169 -17618 -16791 -16791 -17067 -15414 -13486 -12384 -12935 -12660 -9905 -7702 -5223 -3295
-5498 -5498 -7702 -10181 -18444 -29737 -26983 -20923 -24779 -26707 -11282 -18169 -26432 -23677 -22300 -18169 -14312 -12109 -10456 -9905 -9354 -8253 -7702 -7702 -8528 -9354 -13211 -14037 -11282 -8803 -7151 -6324
-5223 -6049 -6600 -7702 -10181 -12660 -15965 -18995 -19821 -24228 -24779 -22300 -19546 -17893 -14588 -10732 -7426 -5498 -4947 -4121 -4672 -6324 -6049 -5223 -6049 -6324 -7702 -7977 -6875 -5774 -6875 -7702
-1917 -1366 -2744 -4396 -4396 -4121 -4947 -6324 -7702 -8803 -9079 -7151 -6600 -6324 -5223 -4396 -3019 -2744 -2193 -1642 -3019 -4396 -3845 -3019 -1917 -816 11 11 -1091 -2193 -4947 -4947
-540 562 1113 -540 -1917 -2468 -3295 -3845 -3019 -1917 -816 -1366 -1642 -1642 -1366 -1366 -816 -816 -1366 -816 -1366 -1091 -1091 -1366 11 1388 1663 1113 562 -265 -1091 -2193
-1917 -816 1663 2490 1663 837 11 -1091 -1917 -1366 -1366 -3019 -4121 -4121 -3295 -2744 -540 -1366 -4947 -4947 -4121 -2468 -3019 -1091 837 286 -816 11 -265 -1366 -1642 -3019
-3295 -2193 -1366 -816 11 1113 2490 2214 837 11 -265 -2193 -3570 -4947 -4672 -3295 -1366 -1917 -4396 -6049 -6324 -5498 -3570 -1091 -1642 -3570 -2468 286 -816 -2468 -4396 -5498
-4121 -3019 -2193 -1366 -540 11 562 562 1113 1663 1663 1388 562 -816 -1917 -1917 -1642 -816 -1091 -540 11 -816 286 -816 -2468 -2744 -3570 -4121 -3570 -3570 -3570 -4672
30916 30097 29823 29004 28730 28730 28730 28457 28457 29004 29277 29004 29004 29004 28730 28730 29823 30097 30370 30370 29277 29823 30370 30643 31463 30916 29823 29550 29277 28457 28184 29277
32009 30916 30916 30097 29277 29004 29004 29004 28730 29004 29004 29277 28730 28730 28457 28184 29277 30097 30370 30916 29004 28730 29277 29004 29277 29277 29004 29004 29004 27911 27364 28184
30643 30643 30916 30370 29277 28730 28730 28730 29277 29550 29823 30370 30097 29823 30097 29277 29823 30643 30916 30916 29823 29004 29004 28457 28184 28457 28457 28730 29550 28730 27911 28457
29277 28730 29004 29004 28730 28184 28184 28184 28730 29004 29550 30097 30097 30097 30097 29550 29277 30097 30643 30643 30097 29550 28730 27911 27911 28184 28184 28457 29004 29277 28730 29004
28730 27911 27364 27364 27637 27637 27911 27637 27637 27637 27911 28730 29823 30643 30097 29277 29277 29277 29004 28730 29277 29823 29004 28184 27911 27637 27911 28457 29277 29004 28457 28730
28730 28184 28730 27911 27364 27091 27911 28457 27911 26818 26544 25998 25178 24358 26271 28184 22445 24358 27911 29004 29550 29823 29277 29277 29004 28457 28457 28184 28184 28184 27637 28457
28184 27911 28730 28730 28184 27364 27637 28730 28730 21079 10969 2498 10696 13701 7963 11242 2771 11242 16980 20806 25724 29004 29550 29823 29277 29550 29823 29823 29550 28457 27637 29277
27091 26818 27911 28457 28730 28457 28184 28184 29004 8783 -14170 -16903 4957 13155 -6792 -2967 1678 10696 11515 11515 12882 17527 21899 24085 26818 28457 29004 29550 29823 29277 28457 29823
28184 27091 27091 27364 27911 28730 29004 28730 29004 5504 -19362 -19089 -5699 3864 -2147 2225 4411 12335 13155 13155 12062 11242 12335 14248 17800 21352 23812 26818 27637 27911 27911 28730
27637 26544 26271 26544 27091 27637 28457 29277 30097 10969 -16903 -16903 -12804 -8432 -4333 6050 4957 13155 13701 13428 13155 13428 13428 12608 12608 12335 13701 23812 27364 27911 27911 29004
25451 25178 25724 25451 25998 26818 27637 27637 25451 20806 9056 2498 10422 14521 9329 12882 5231 13428 14248 13975 13701 13701 13975 13975 13975 12608 13428 23265 27637 27364 27364 28457
25998 25178 25724 24905 25178 26271 27364 25178 13701 10696 9056 5777 9876 14521 16161 15887 4684 12882 13975 14521 14248 13428 13428 13701 13428 13155 14248 22992 27091 27091 26818 26544
24358 24631 25998 26544 25724 25724 26544 21079 4411 3045 2225 4411 3864 5231 11789 11515 3045 12608 13701 14248 13975 13428 13428 13428 13428 13428 14521 22719 25724 26271 26544 26544
16707 12062 15068 21079 22719 21899 21899 15887 9876 8236 4684 3864 -4060 -3787 1132 3045 1405 12335 13428 13428 13428 13155 13155 13155 13155 13701 14248 19986 19986 21079 20806 20806
-7612 -13077 -10071 -7885 -1327 1405 6050 12608 15614 15068 9603 4138 -7885 -5973 -2147 -508 -508 12062 13428 12882 12882 12882 12882 12882 12882 12882 12335 13975 10696 15887 13975 10149
-20455 -23734 -22368 -20728 -19362 -9525 1132 9603 14521 15614 9876 3318 -8432 -7612 -3513 585 -1054 11242 13155 12882 12882 12608 12608 12882 12608 11789 9603 2771 1132 4411 4411 3318
-22368 -22368 -22641 -9798 -5699 5777 13155 13975 14521 14521 11515 6870 -1874 -508 2771 859 -1327 10696 12882 12882 12335 12062 12062 12062 11789 10969 7690 -234 -1327 39 -2694 -1054
-10071 -9798 -14990 312 12882 20533 24358 21352 18073 14521 12608 9876 9876 10422 8236 -1874 -2967 9876 12608 12608 11789 10969 11242 11515 11515 10422 9056 10696 13975 10422 1678 -5973
-7885 -11711 -10618 6324 16161 18893 16161 13428 10149 10969 12882 8510 8783 8510 1678 -7339 -6519 6597 9876 9603 9056 8236 7143 6870 5231 5504 1952 -2147 8236 12062 4411 -10891
-28926 -30292 -16629 -5426 -4880 5504 12062 12882 10149 10422 10969 6870 8510 8236 5504 -11438 -14443 -3787 -1874 -5973 -8432 -10618 -14170 -15810 -19089 -9525 -8159 -10071 2225 9876 -1327 -19089
-28652 -28379 -18269 -7339 -11438 -234 11242 6324 12335 859 -16629 -13897 3591 6050 3318 -18815 -25920 -17722 -17449 -26740 -28106 -28652 -27833 -25100 -27833 -20455 -15263 -12804 -7339 -6246 -16629 -18269
-23734 -22368 -12531 5777 4684 5777 10696 6870 7143 -16356 -26740 -24280 -12257 -8705 -13350 -20455 -21001 -25373 -26466 -29472 -29745 -28926 -27286 -19362 -21548 -22368 -21548 -22094 -21275 -18542 -17722 -13897
-10618 -11164 -9252 3591 11789 9603 -508 -2420 -6246 -22641 -8705 -16629 -18815 -21001 -25100 -21548 -18542 -26740 -30565 -28106 -25100 -26740 -26740 -16083 -20182 -15263 -11711 -11438 -10891 -9798 -6792 -3513
-10071 -11164 -12257 -9525 -1327 -1601 -4880 -5153 -8978 -17449 859 -11984 -19362 -17996 -20728 -21001 -20728 -24007 -26740 -25920 -24280 -25920 -25920 -21275 -20728 -14717 -8159 -4880 -3513 -2967 -3240 -2147
-10345 -9798 -12531 -10071 -7066 -21548 -18815 -12531 -19635 -17722 -1054 -10891 -21821 -21001 -22914 -23187 -22368 -21821 -19635 -18542 -18269 -17722 -16356 -14170 -13624 -12531 -13077 -12531 -9798 -8159 -5973 -3787
-8705 -9525 -11984 -13077 -19362 -28926 -27013 -21548 -23734 -24554 -8705 -15810 -25647 -23734 -22914 -18815 -16083 -14990 -13350 -12531 -11984 -10891 -9252 -8978 -10345 -10891 -14443 -15263 -12531 -10345 -8705 -8159
-7339 -8978 -10618 -10891 -12531 -14990 -18542 -21275 -21275 -24280 -24280 -22094 -19635 -17722 -14717 -10891 -8978 -8159 -7885 -7612 -8432 -9525 -8705 -7339 -8159 -8705 -10345 -10618 -9525 -8432 -9252 -10345
-3240 -3787 -6246 -8159 -8159 -8432 -9252 -10345 -11164 -10891 -10891 -9252 -8705 -8432 -7339 -6519 -5153 -4880 -4880 -5153 -6792 -7612 -7066 -5973 -4333 -4060 -3787 -3513 -4606 -5699 -8159 -8432
-1327 -1327 -2147 -4060 -5426 -6792 -7885 -8159 -5973 -5699 -4333 -4606 -5426 -5426 -5426 -5153 -4060 -3787 -4606 -4333 -4880 -4880 -4880 -4880 -3513 -2967 -2967 -3240 -3787 -4880 -5699 -6792
-2147 -1874 -508 39 -508 -2147 -3513 -4333 -4060 -5153 -5426 -6246 -8159 -8432 -7885 -7066 -4333 -4606 -8432 -8432 -7885 -6519 -7066 -5153 -3240 -4333 -5699 -4606 -5153 -6519 -6792 -8159
-2420 -2147 -1874 -1601 -1054 -508 859 585 -1054 -3513 -4333 -5699 -7612 -9252 -8978 -7612 -5153 -5426 -8159 -10071 -10345 -9525 -7885 -5426 -5973 -8159 -7066 -4606 -5699 -7612 -9525 -10618
-3513 -2694 -2147 -1874 -1327 -234 312 312 39 -1327 -2147 -2420 -3513 -5153 -6246 -6246 -5699 -4880 -5153 -5153 -4606 -5153 -4333 -5153 -6792 -7612 -8432 -8978 -8432 -8432 -8705 -9798
