Input 32 32 3 7.140072176358732e-05
Convolution 32 32 16 3 3 3 1 1 relu 9.02373175103405261e-05 0 0 7.140072176358732e-05 0 9.02373175103405261e-05 0 0
Convolution 32 32 16 3 3 16 1 1 relu 8.47403602298572742e-05 0 0 9.02373175103405261e-05 0 8.47403602298572742e-05 0 1
Convolution 32 32 16 3 3 16 1 1 none 0.000109685759928991415 0 0 8.47403602298572742e-05 0 0.000109685759928991415 0 2
Add 32 32 16 3 1 relu 8.75908036138422932e-05 0
Convolution 16 16 32 3 3 16 2 1 relu 8.33458731207721164e-05 0 0 8.75908036138422932e-05 0 8.33458731207721164e-05 0 4
Convolution 16 16 32 3 3 32 1 1 none 0.000110859524127921664 0 0 8.33458731207721164e-05 0 0.000110859524127921664 0 5
Convolution 16 16 32 1 1 16 2 0 none 4.186663937735289e-05 0 0 8.75908036138422932e-05 0 4.186663937735289e-05 0 4
Add 16 16 32 6 7 relu 0.000117756120052693307 0
Convolution 8 8 64 3 3 32 2 1 relu 4.70199608826806788e-05 0 0 0.000117756120052693307 0 4.70199608826806788e-05 0 8
Convolution 8 8 64 3 3 64 1 1 none 0.000353321505374357191 0 0 4.70199608826806788e-05 0 0.000353321505374357191 0 9
Convolution 8 8 64 1 1 32 2 0 none 6.04526107536155523e-05 0 0 0.000117756120052693307 0 6.04526107536155523e-05 0 8
Add 8 8 64 10 11 relu 0.000374160513041253532 0
Pooling 1 1 64 8 8 8 average 0
Dense 10 none 0.000529726136537307939 0 0 0.000374160513041253532 0 0.000529726136537307939 0
