9.02373175103405261e-05 9.02373175103405261e-05 9.02373175103405261e-05 9.02373175103405261e-05 9.02373175103405261e-05 9.02373175103405261e-05 9.02373175103405261e-05 9.02373175103405261e-05 9.02373175103405261e-05 9.02373175103405261e-05 9.02373175103405261e-05 9.02373175103405261e-05 9.02373175103405261e-05 9.02373175103405261e-05 9.02373175103405261e-05 9.02373175103405261e-05
8.47403602298572742e-05 8.47403602298572742e-05 8.47403602298572742e-05 8.47403602298572742e-05 8.47403602298572742e-05 8.47403602298572742e-05 8.47403602298572742e-05 8.47403602298572742e-05 8.47403602298572742e-05 8.47403602298572742e-05 8.47403602298572742e-05 8.47403602298572742e-05 8.47403602298572742e-05 8.47403602298572742e-05 8.47403602298572742e-05 8.47403602298572742e-05
0.000109685759928991415 0.000109685759928991415 0.000109685759928991415 0.000109685759928991415 0.000109685759928991415 0.000109685759928991415 0.000109685759928991415 0.000109685759928991415 0.000109685759928991415 0.000109685759928991415 0.000109685759928991415 0.000109685759928991415 0.000109685759928991415 0.000109685759928991415 0.000109685759928991415 0.000109685759928991415
8.33458731207721164e-05 8.33458731207721164e-05 8.33458731207721164e-05 8.33458731207721164e-05 8.33458731207721164e-05 8.33458731207721164e-05 8.33458731207721164e-05 8.33458731207721164e-05 8.33458731207721164e-05 8.33458731207721164e-05 8.33458731207721164e-05 8.33458731207721164e-05 8.33458731207721164e-05 8.33458731207721164e-05 8.33458731207721164e-05 8.33458731207721164e-05 8.33458731207721164e-05 8.33458731207721164e-05 8.33458731207721164e-05 8.33458731207721164e-05 8.33458731207721164e-05 8.33458731207721164e-05 8.33458731207721164e-05 8.33458731207721164e-05 8.33458731207721164e-05 8.33458731207721164e-05 8.33458731207721164e-05 8.33458731207721164e-05 8.33458731207721164e-05 8.33458731207721164e-05 8.33458731207721164e-05 8.33458731207721164e-05
0.000110859524127921664 0.000110859524127921664 0.000110859524127921664 0.000110859524127921664 0.000110859524127921664 0.000110859524127921664 0.000110859524127921664 0.000110859524127921664 0.000110859524127921664 0.000110859524127921664 0.000110859524127921664 0.000110859524127921664 0.000110859524127921664 0.000110859524127921664 0.000110859524127921664 0.000110859524127921664 0.000110859524127921664 0.000110859524127921664 0.000110859524127921664 0.000110859524127921664 0.000110859524127921664 0.000110859524127921664 0.000110859524127921664 0.000110859524127921664 0.000110859524127921664 0.000110859524127921664 0.000110859524127921664 0.000110859524127921664 0.000110859524127921664 0.000110859524127921664 0.000110859524127921664 0.000110859524127921664
4.186663937735289e-05 4.186663937735289e-05 4.186663937735289e-05 4.186663937735289e-05 4.186663937735289e-05 4.186663937735289e-05 4.186663937735289e-05 4.186663937735289e-05 4.186663937735289e-05 4.186663937735289e-05 4.186663937735289e-05 4.186663937735289e-05 4.186663937735289e-05 4.186663937735289e-05 4.186663937735289e-05 4.186663937735289e-05 4.186663937735289e-05 4.186663937735289e-05 4.186663937735289e-05 4.186663937735289e-05 4.186663937735289e-05 4.186663937735289e-05 4.186663937735289e-05 4.186663937735289e-05 4.186663937735289e-05 4.186663937735289e-05 4.186663937735289e-05 4.186663937735289e-05 4.186663937735289e-05 4.186663937735289e-05 4.186663937735289e-05 4.186663937735289e-05
4.70199608826806788e-05 4.70199608826806788e-05 4.70199608826806788e-05 4.70199608826806788e-05 4.70199608826806788e-05 4.70199608826806788e-05 4.70199608826806788e-05 4.70199608826806788e-05 4.70199608826806788e-05 4.70199608826806788e-05 4.70199608826806788e-05 4.70199608826806788e-05 4.70199608826806788e-05 4.70199608826806788e-05 4.70199608826806788e-05 4.70199608826806788e-05 4.70199608826806788e-05 4.70199608826806788e-05 4.70199608826806788e-05 4.70199608826806788e-05 4.70199608826806788e-05 4.70199608826806788e-05 4.70199608826806788e-05 4.70199608826806788e-05 4.70199608826806788e-05 4.70199608826806788e-05 4.70199608826806788e-05 4.70199608826806788e-05 4.70199608826806788e-05 4.70199608826806788e-05 4.70199608826806788e-05 4.70199608826806788e-05 4.70199608826806788e-05 4.70199608826806788e-05 4.70199608826806788e-05 4.70199608826806788e-05 4.70199608826806788e-05 4.70199608826806788e-05 4.70199608826806788e-05 4.70199608826806788e-05 4.70199608826806788e-05 4.70199608826806788e-05 4.70199608826806788e-05 4.70199608826806788e-05 4.70199608826806788e-05 4.70199608826806788e-05 4.70199608826806788e-05 4.70199608826806788e-05 4.70199608826806788e-05 4.70199608826806788e-05 4.70199608826806788e-05 4.70199608826806788e-05 4.70199608826806788e-05 4.70199608826806788e-05 4.70199608826806788e-05 4.70199608826806788e-05 4.70199608826806788e-05 4.70199608826806788e-05 4.70199608826806788e-05 4.70199608826806788e-05 4.70199608826806788e-05 4.70199608826806788e-05 4.70199608826806788e-05 4.70199608826806788e-05
0.000353321505374357191 0.000353321505374357191 0.000353321505374357191 0.000353321505374357191 0.000353321505374357191 0.000353321505374357191 0.000353321505374357191 0.000353321505374357191 0.000353321505374357191 0.000353321505374357191 0.000353321505374357191 0.000353321505374357191 0.000353321505374357191 0.000353321505374357191 0.000353321505374357191 0.000353321505374357191 0.000353321505374357191 0.000353321505374357191 0.000353321505374357191 0.000353321505374357191 0.000353321505374357191 0.000353321505374357191 0.000353321505374357191 0.000353321505374357191 0.000353321505374357191 0.000353321505374357191 0.000353321505374357191 0.000353321505374357191 0.000353321505374357191 0.000353321505374357191 0.000353321505374357191 0.000353321505374357191 0.000353321505374357191 0.000353321505374357191 0.000353321505374357191 0.000353321505374357191 0.000353321505374357191 0.000353321505374357191 0.000353321505374357191 0.000353321505374357191 0.000353321505374357191 0.000353321505374357191 0.000353321505374357191 0.000353321505374357191 0.000353321505374357191 0.000353321505374357191 0.000353321505374357191 0.000353321505374357191 0.000353321505374357191 0.000353321505374357191 0.000353321505374357191 0.000353321505374357191 0.000353321505374357191 0.000353321505374357191 0.000353321505374357191 0.000353321505374357191 0.000353321505374357191 0.000353321505374357191 0.000353321505374357191 0.000353321505374357191 0.000353321505374357191 0.000353321505374357191 0.000353321505374357191 0.000353321505374357191
6.04526107536155523e-05 6.04526107536155523e-05 6.04526107536155523e-05 6.04526107536155523e-05 6.04526107536155523e-05 6.04526107536155523e-05 6.04526107536155523e-05 6.04526107536155523e-05 6.04526107536155523e-05 6.04526107536155523e-05 6.04526107536155523e-05 6.04526107536155523e-05 6.04526107536155523e-05 6.04526107536155523e-05 6.04526107536155523e-05 6.04526107536155523e-05 6.04526107536155523e-05 6.04526107536155523e-05 6.04526107536155523e-05 6.04526107536155523e-05 6.04526107536155523e-05 6.04526107536155523e-05 6.04526107536155523e-05 6.04526107536155523e-05 6.04526107536155523e-05 6.04526107536155523e-05 6.04526107536155523e-05 6.04526107536155523e-05 6.04526107536155523e-05 6.04526107536155523e-05 6.04526107536155523e-05 6.04526107536155523e-05 6.04526107536155523e-05 6.04526107536155523e-05 6.04526107536155523e-05 6.04526107536155523e-05 6.04526107536155523e-05 6.04526107536155523e-05 6.04526107536155523e-05 6.04526107536155523e-05 6.04526107536155523e-05 6.04526107536155523e-05 6.04526107536155523e-05 6.04526107536155523e-05 6.04526107536155523e-05 6.04526107536155523e-05 6.04526107536155523e-05 6.04526107536155523e-05 6.04526107536155523e-05 6.04526107536155523e-05 6.04526107536155523e-05 6.04526107536155523e-05 6.04526107536155523e-05 6.04526107536155523e-05 6.04526107536155523e-05 6.04526107536155523e-05 6.04526107536155523e-05 6.04526107536155523e-05 6.04526107536155523e-05 6.04526107536155523e-05 6.04526107536155523e-05 6.04526107536155523e-05 6.04526107536155523e-05 6.04526107536155523e-05
0.000529726136537307939 0.000529726136537307939 0.000529726136537307939 0.000529726136537307939 0.000529726136537307939 0.000529726136537307939 0.000529726136537307939 0.000529726136537307939 0.000529726136537307939 0.000529726136537307939
