Input 32 32 3 7.140072176358732e-05
Convolution 32 32 16 3 3 3 1 1 relu 0.000238265793880944961 0 0 7.140072176358732e-05 0 0.000238265793880944961 0
Pooling 16 16 16 2 2 2 maximum 0
Convolution 16 16 48 3 3 16 1 1 relu 0.000168380271047094529 0 0 0.000238265793880944961 0 0.000168380271047094529 0
Pooling 8 8 48 2 2 2 maximum 0
Convolution 8 8 96 3 3 48 1 1 relu 0.000188053227265506094 0 0 0.000168380271047094529 0 0.000188053227265506094 0
Convolution 8 8 64 3 3 96 1 1 relu 0.000271578079853691768 0 0 0.000188053227265506094 0 0.000271578079853691768 0
Convolution 8 8 64 3 3 64 1 1 relu 0.000188126265556989018 0 0 0.000271578079853691768 0 0.000188126265556989018 0
Pooling 4 4 64 2 2 2 maximum 0
Dense 512 relu 0.000135163375789763287 0 0 0.000188126265556989018 0 0.000135163375789763287 0
Dense 256 relu 0.000148475102830836149 0 0 0.000135163375789763287 0 0.000148475102830836149 0
Dense 10 none 0.000567640678910321089 0 0 0.000148475102830836149 0 0.000567640678910321089 0
